0001 0001
0001 0001
0001 0001
1110 1110
n=4 sol=6

000110 000001
000110 000001
000110 000001
111011 000011
111110 000110
000100 111100
n=6 sol=16

00000110 00000001
00000110 00000001
00000110 00000001
00000110 00000001
00000101 00000010
11111110 00000110
11110100 00001100
00001000 11110000
n=8 sol=22

0000000101 0000000001
0000000101 0000000001
0000000101 0000000001
0000000101 0000000001
0000000101 0000000001
0000000110 0000000010
0000000000 0000000100
1111110111 0000001100
0000010100 0000010000
1111100100 1111100000
n=10 sol=28

000000000011 000000000001
000000000011 000000000001
000000000011 000000000001
000000000011 000000000001
000000000011 000000000001
000000000000 000000000010
000000000000 000000000010
000000000110 000000000100
000000001010 000000001000
000000010010 000000010000
111110011101 000001100000
111110000010 111110000000
n=12 sol=30

00000101000100 00000000000001
00000101000100 00000000000001
00000101000100 00000000000001
00000101000100 00000000000001
00000101000100 00000000000001
11111010111001 00000000000011
00000101000111 00000000000010
11111010111100 00000000000110
00000101000001 00000000000100
00000101001101 00000000001000     
00000101010101 00000000010000
11111011011010 00000001100000
00000010000101 00000111000000
00000110111010 11111100000000
n=14 sol=80

0000000001001110 0000000000000001
0000000001001110 0000000000000001
0000000001001110 0000000000000001
0000000001001110 0000000000000001
0000000001001110 0000000000000001
0000000001001110 0000000000000001
0000000001001101 0000000000000010
0000000001001101 0000000000000010
0000000001001011 0000000000000100
1111111110111100 0000000000001100
0000000001000111 0000000000001000
0000000001011111 0000000000010000
1111111111010000 0000000001100000
1111111101110000 0000000011000000
1111110010110000 0000001100000000
0000001110110000 1111110000000000
n=16 sol=96

000000001001011100 000000000000000001
000000001001011100 000000000000000001
000000001001011100 000000000000000001
000000001001011100 000000000000000001
000000001001011100 000000000000000001
000000001001011100 000000000000000001
000000001001011111 000000000000000010
000000001001011111 000000000000000010
111111110110100100 000000000000000110
000000001001011001 000000000000000100
000000001001010101 000000000000001000
111111110110111010 000000000000011000
000000001001001101 000000000000010000
111111110111000010 000000000001100000
111111110101100010 000000000011000000
111111111010100010 000000001100000000
000000110001011101 000000111000000000
000000110110100010 111111000000000000
n=18 sol=136

00000000000001110111 00000000000000000001
00000000000001110111 00000000000000000001
00000000000001110111 00000000000000000001
00000000000001110111 00000000000000000001
00000000000001110111 00000000000000000001
00000000000001110111 00000000000000000001
00000000000001110111 00000000000000000001
00000000000001110100 00000000000000000010
00000000000001110100 00000000000000000010
00000000000001110010 00000000000000000100
00000000000001110010 00000000000000000100
00000000000001111110 00000000000000001000
00000000000001100110 00000000000000010000
11111111111110111001 00000000000000110000
11111111111111101001 00000000000001100000
11111111111101001001 00000000000011000000
00000000000101110110 00000000000100000000
11111111100110001001 00000000011000000000
11111110011110001001 00000001100000000000
11111110000001110110 11111110000000000000
n=20 sol=160

0000000001010001101001 0000000000000000000001
0000000001010001101001 0000000000000000000001
0000000001010001101001 0000000000000000000001
0000000001010001101001 0000000000000000000001
0000000001010001101001 0000000000000000000001
0000000001010001101001 0000000000000000000001
0000000001010001101001 0000000000000000000001
0000000001010001101010 0000000000000000000010
0000000001010001101010 0000000000000000000010
1111111110101110010001 0000000000000000000110
0000000001010001101100 0000000000000000000100
1111111110101110011011 0000000000000000001100
0000000001010001100000 0000000000000000001000
0000000001010001111000 0000000000000000010000
0000000001010001001000 0000000000000000100000
1111111110101111110111 0000000000000001100000
1111111110101101010111 0000000000000011000000
0000000001010101101000 0000000000000100000000
1111111110110110010111 0000000000011000000000
0000000000100001101000 0000000001110000000000
0000000110010001101000 0000000111000000000000
1111111001010001101000 1111111000000000000000
n=22 sol=198

000000000000010000011101 000000000000000000000001
000000000000010000011101 000000000000000000000001
000000000000010000011101 000000000000000000000001
000000000000010000011101 000000000000000000000001
000000000000010000011101 000000000000000000000001
000000000000010000011101 000000000000000000000001
000000000000010000011101 000000000000000000000001
000000000000010000011110 000000000000000000000010
000000000000010000011110 000000000000000000000010
000000000000010000011110 000000000000000000000010
000000000000010000011000 000000000000000000000100
000000000000010000011000 000000000000000000000100
000000000000010000010100 000000000000000000001000
111111111111101111111011 000000000000000000011000
000000000000010000001100 000000000000000000010000
000000000000010000111100 000000000000000000100000
000000000000010001011100 000000000000000001000000
000000000000010010011100 000000000000000010000000
000000000000010100011100 000000000000000100000000
111111111111110111100011 000000000000011000000000
111111111111011111100011 000000000000110000000000
111111111100101111100011 000000000011000000000000
000000011100010000011100 000000011100000000000000
111111100000010000011100 111111100000000000000000
n=24 sol=194

00000001000010010000111000 00000000000000000000000001
00000001000010010000111000 00000000000000000000000001
00000001000010010000111000 00000000000000000000000001
00000001000010010000111000 00000000000000000000000001
00000001000010010000111000 00000000000000000000000001
00000001000010010000111000 00000000000000000000000001
00000001000010010000111000 00000000000000000000000001
11111110111101101111000101 00000000000000000000000011
00000001000010010000111011 00000000000000000000000010
00000001000010010000111011 00000000000000000000000010
00000001000010010000111101 00000000000000000000000100
00000001000010010000111101 00000000000000000000000100
11111110111101101111001010 00000000000000000000001100
00000001000010010000110001 00000000000000000000001000
00000001000010010000101001 00000000000000000000010000
11111110111101101111110110 00000000000000000000110000
00000001000010010000011001 00000000000000000000100000
00000001000010010001111001 00000000000000000001000000
00000001000010010010111001 00000000000000000010000000
00000001000010010100111001 00000000000000000100000000
11111110111101110111000110 00000000000000011000000000
11111110111101011111000110 00000000000000110000000000
11111110111110101111000110 00000000000011000000000000
00000001001100010000111001 00000000001110000000000000
00000000110010010000111001 00000001110000000000000000
00000001111101101111000110 11111111000000000000000000
n=26 sol=298

0000000000000000010001101100 0000000000000000000000000001
0000000000000000010001101100 0000000000000000000000000001
0000000000000000010001101100 0000000000000000000000000001
0000000000000000010001101100 0000000000000000000000000001
0000000000000000010001101100 0000000000000000000000000001
0000000000000000010001101100 0000000000000000000000000001
0000000000000000010001101100 0000000000000000000000000001
0000000000000000010001101100 0000000000000000000000000001
0000000000000000010001101111 0000000000000000000000000010
0000000000000000010001101111 0000000000000000000000000010
0000000000000000010001101111 0000000000000000000000000010
0000000000000000010001101001 0000000000000000000000000100
0000000000000000010001101001 0000000000000000000000000100
0000000000000000010001100101 0000000000000000000000001000
0000000000000000010001100101 0000000000000000000000001000
0000000000000000010001111101 0000000000000000000000010000
0000000000000000010001001101 0000000000000000000000100000
1111111111111111101111110010 0000000000000000000001100000
0000000000000000010000101101 0000000000000000000001000000
0000000000000000010011101101 0000000000000000000010000000
0000000000000000010101101101 0000000000000000000100000000
1111111111111111110110010010 0000000000000000011000000000
1111111111111111011110010010 0000000000000000110000000000
0000000000000001010001101101 0000000000000001000000000000
1111111111111001101110010010 0000000000000110000000000000
1111111111100111101110010010 0000000000011000000000000000
0000000011100000010001101101 0000000011100000000000000000
0000000011111111101110010010 1111111100000000000000000000
n=28 sol=256

000000000000010000011111011000 000000000000000000000000000001
000000000000010000011111011000 000000000000000000000000000001
000000000000010000011111011000 000000000000000000000000000001
000000000000010000011111011000 000000000000000000000000000001
000000000000010000011111011000 000000000000000000000000000001
000000000000010000011111011000 000000000000000000000000000001
000000000000010000011111011000 000000000000000000000000000001
000000000000010000011111011000 000000000000000000000000000001
000000000000010000011111011011 000000000000000000000000000010
000000000000010000011111011011 000000000000000000000000000010
000000000000010000011111011011 000000000000000000000000000010
000000000000010000011111011101 000000000000000000000000000100
000000000000010000011111011101 000000000000000000000000000100
111111111111101111100000101010 000000000000000000000000001100
000000000000010000011111010001 000000000000000000000000001000
000000000000010000011111001001 000000000000000000000000010000
000000000000010000011111001001 000000000000000000000000010000
000000000000010000011111111001 000000000000000000000000100000
000000000000010000011110011001 000000000000000000000001000000
111111111111101111100011100110 000000000000000000000011000000
111111111111101111100110100110 000000000000000000000110000000
111111111111101111101100100110 000000000000000000001100000000
111111111111101111111000100110 000000000000000000011000000000
111111111111101111010000100110 000000000000000000110000000000
000000000000010001011111011001 000000000000000001000000000000
111111111111101001100000100110 000000000000000110000000000000
111111111111110111100000100110 000000000000011000000000000000
000000000001100000011111011001 000000000001110000000000000000
000000001110010000011111011001 000000001110000000000000000000
000000001111101111100000100110 111111110000000000000000000000
n=30 sol=376

00000000000100000100011110111010 00000000000000000000000000000001
00000000000100000100011110111010 00000000000000000000000000000001
00000000000100000100011110111010 00000000000000000000000000000001
00000000000100000100011110111010 00000000000000000000000000000001
00000000000100000100011110111010 00000000000000000000000000000001
00000000000100000100011110111010 00000000000000000000000000000001
00000000000100000100011110111010 00000000000000000000000000000001
00000000000100000100011110111010 00000000000000000000000000000001
00000000000100000100011110111001 00000000000000000000000000000010
00000000000100000100011110111001 00000000000000000000000000000010
00000000000100000100011110111001 00000000000000000000000000000010
11111111111011111011100001000010 00000000000000000000000000000110
00000000000100000100011110111111 00000000000000000000000000000100
00000000000100000100011110111111 00000000000000000000000000000100
00000000000100000100011110110011 00000000000000000000000000001000
00000000000100000100011110110011 00000000000000000000000000001000
00000000000100000100011110101011 00000000000000000000000000010000
11111111111011111011100001110100 00000000000000000000000000110000
00000000000100000100011110011011 00000000000000000000000000100000
00000000000100000100011111111011 00000000000000000000000001000000
00000000000100000100011100111011 00000000000000000000000010000000
11111111111011111011100111000100 00000000000000000000000110000000
11111111111011111011101101000100 00000000000000000000001100000000
11111111111011111011111001000100 00000000000000000000011000000000
11111111111011111011010001000100 00000000000000000000110000000000
00000000000100000101011110111011 00000000000000000001000000000000
11111111111011111101100001000100 00000000000000000110000000000000
11111111111011110111100001000100 00000000000000001100000000000000
11111111111011001011100001000100 00000000000000110000000000000000
00000000000011000100011110111011 00000000000111000000000000000000
11111111000111111011100001000100 00000000111100000000000000000000
00000000111011111011100001000100 11111111000000000000000000000000
n=32 sol=440

0000000000000000000100011101111101 0000000000000000000000000000000001
0000000000000000000100011101111101 0000000000000000000000000000000001
0000000000000000000100011101111101 0000000000000000000000000000000001
0000000000000000000100011101111101 0000000000000000000000000000000001
0000000000000000000100011101111101 0000000000000000000000000000000001
0000000000000000000100011101111101 0000000000000000000000000000000001
0000000000000000000100011101111101 0000000000000000000000000000000001
0000000000000000000100011101111101 0000000000000000000000000000000001
0000000000000000000100011101111101 0000000000000000000000000000000001
0000000000000000000100011101111110 0000000000000000000000000000000010
0000000000000000000100011101111110 0000000000000000000000000000000010
0000000000000000000100011101111110 0000000000000000000000000000000010
0000000000000000000100011101111000 0000000000000000000000000000000100
0000000000000000000100011101111000 0000000000000000000000000000000100
0000000000000000000100011101110100 0000000000000000000000000000001000
0000000000000000000100011101110100 0000000000000000000000000000001000
0000000000000000000100011101101100 0000000000000000000000000000010000
0000000000000000000100011101101100 0000000000000000000000000000010000
0000000000000000000100011101011100 0000000000000000000000000000100000
1111111111111111111011100011100011 0000000000000000000000000001100000
0000000000000000000100011100111100 0000000000000000000000000001000000
0000000000000000000100011111111100 0000000000000000000000000010000000
0000000000000000000100011001111100 0000000000000000000000000100000000
1111111111111111111011101110000011 0000000000000000000000001100000000
1111111111111111111011111010000011 0000000000000000000000011000000000
1111111111111111111011010010000011 0000000000000000000000110000000000
0000000000000000000101011101111100 0000000000000000000001000000000000
1111111111111111111101100010000011 0000000000000000000110000000000000
1111111111111111110111100010000011 0000000000000000001100000000000000
1111111111111111001011100010000011 0000000000000000110000000000000000
1111111111111100111011100010000011 0000000000000011000000000000000000
1111111111110011111011100010000011 0000000000001100000000000000000000
0000000001110000000100011101111100 0000000001110000000000000000000000
1111111110000000000100011101111100 1111111110000000000000000000000000
n=34 sol=468

000000000000000000000100000011011001 000000000000000000000000000000000001
000000000000000000000100000011011001 000000000000000000000000000000000001
000000000000000000000100000011011001 000000000000000000000000000000000001
000000000000000000000100000011011001 000000000000000000000000000000000001
000000000000000000000100000011011001 000000000000000000000000000000000001
000000000000000000000100000011011001 000000000000000000000000000000000001
000000000000000000000100000011011001 000000000000000000000000000000000001
000000000000000000000100000011011001 000000000000000000000000000000000001
000000000000000000000100000011011001 000000000000000000000000000000000001
000000000000000000000100000011011010 000000000000000000000000000000000010
000000000000000000000100000011011010 000000000000000000000000000000000010
000000000000000000000100000011011010 000000000000000000000000000000000010
000000000000000000000100000011011100 000000000000000000000000000000000100
000000000000000000000100000011011100 000000000000000000000000000000000100
000000000000000000000100000011011100 000000000000000000000000000000000100
000000000000000000000100000011010000 000000000000000000000000000000001000
000000000000000000000100000011010000 000000000000000000000000000000001000
000000000000000000000100000011001000 000000000000000000000000000000010000
000000000000000000000100000011001000 000000000000000000000000000000010000
000000000000000000000100000011111000 000000000000000000000000000000100000
000000000000000000000100000010011000 000000000000000000000000000001000000
111111111111111111111011111111100111 000000000000000000000000000011000000
000000000000000000000100000001011000 000000000000000000000000000010000000
000000000000000000000100000111011000 000000000000000000000000000100000000
000000000000000000000100001011011000 000000000000000000000000001000000000
000000000000000000000100010011011000 000000000000000000000000010000000000
000000000000000000000100100011011000 000000000000000000000000100000000000
000000000000000000000101000011011000 000000000000000000000001000000000000
111111111111111111111101111100100111 000000000000000000000110000000000000
111111111111111111110111111100100111 000000000000000000001100000000000000
000000000000000000010100000011011000 000000000000000000010000000000000000
111111111111111110011011111100100111 000000000000000001100000000000000000
111111111111111001111011111100100111 000000000000000110000000000000000000
000000000000111000000100000011011000 000000000000111000000000000000000000
000000000111000000000100000011011000 000000000111000000000000000000000000
111111111000000000000100000011011000 111111111000000000000000000000000000
n=36 sol=356

00000000000010000000000100000110111011 00000000000000000000000000000000000001
00000000000010000000000100000110111011 00000000000000000000000000000000000001
00000000000010000000000100000110111011 00000000000000000000000000000000000001
00000000000010000000000100000110111011 00000000000000000000000000000000000001
00000000000010000000000100000110111011 00000000000000000000000000000000000001
00000000000010000000000100000110111011 00000000000000000000000000000000000001
00000000000010000000000100000110111011 00000000000000000000000000000000000001
00000000000010000000000100000110111011 00000000000000000000000000000000000001
00000000000010000000000100000110111011 00000000000000000000000000000000000001
00000000000010000000000100000110111000 00000000000000000000000000000000000010
00000000000010000000000100000110111000 00000000000000000000000000000000000010
00000000000010000000000100000110111000 00000000000000000000000000000000000010
11111111111101111111111011111001000011 00000000000000000000000000000000000110
00000000000010000000000100000110111110 00000000000000000000000000000000000100
00000000000010000000000100000110111110 00000000000000000000000000000000000100
00000000000010000000000100000110110010 00000000000000000000000000000000001000
00000000000010000000000100000110110010 00000000000000000000000000000000001000
00000000000010000000000100000110101010 00000000000000000000000000000000010000
00000000000010000000000100000110101010 00000000000000000000000000000000010000
00000000000010000000000100000110011010 00000000000000000000000000000000100000
00000000000010000000000100000110011010 00000000000000000000000000000000100000
00000000000010000000000100000111111010 00000000000000000000000000000001000000
00000000000010000000000100000100111010 00000000000000000000000000000010000000
11111111111101111111111011111111000101 00000000000000000000000000000110000000
00000000000010000000000100000010111010 00000000000000000000000000000100000000
00000000000010000000000100001110111010 00000000000000000000000000001000000000
00000000000010000000000100010110111010 00000000000000000000000000010000000000
00000000000010000000000100100110111010 00000000000000000000000000100000000000
00000000000010000000000101000110111010 00000000000000000000000001000000000000
11111111111101111111111101111001000101 00000000000000000000000110000000000000
11111111111101111111110111111001000101 00000000000000000000001100000000000000
00000000000010000000010100000110111010 00000000000000000000010000000000000000
11111111111101111110011011111001000101 00000000000000000001100000000000000000
11111111111101111001111011111001000101 00000000000000000110000000000000000000
11111111111101100111111011111001000101 00000000000000011000000000000000000000
00000000000001100000000100000110111010 00000000000011100000000000000000000000
11111111100011111111111011111001000101 00000000011110000000000000000000000000
11111111100010000000000100000110111010 11111111100000000000000000000000000000
n=38 sol=540

