This list is from OEIS A006454:

3
15
120
528
4095
17955
139128
609960
4726275
20720703
160554240
703893960
5454117903
23911673955
185279454480
812293020528
6294047334435
27594051024015
213812329916328
937385441796000
7263325169820735
31843510970040003
246739243443988680
1081741987539564120
8381870951925794403
36747384065375140095
284736873122033021040
1248329316235215199128
9672671815197196920975
42406449367931941630275
328586104843582662292128
1440570949193450800230240
11162254892866613321011395
48937005823209395266197903
379188080252621270252095320
1662417627039925988250498480
12881232473696256575250229503
56473262313534274205250750435
437582716025420102288255707800
1918428501033125396990275016328

The first 20 values for n were calculated by my python script, the remaining 20
by hand using Wolfram Alpha

http://www.wolframalpha.com/widgets/view.jsp?id=9492504056afc5ada7c27e54c54e4bec

1 3
3 15
10 120
22 528
63 4095
133 17955
372 139128
780 609960
2173 4726275
4551 20720703
12670 160554240
26530 703893960
73851 5454117903
154633 23911673955
430440 185279454480
901272 812293020528
2508793 6294047334435
5253003 27594051024015
14622322 213812329916328
30616750 937385441796000
85225143 7263325169820735
178447501 31843510970040003
496728540 246739243443988680
1040068260 1081741987539564120
2895146101 8381870951925794403
6061962063 36747384065375140095
16874148070 284736873122033021040
35331704122 1248329316235215199128
98349742323 9672671815197196920975
205928262673 42406449367931941630275
573224305872 328586104843582662292128
1200237871920 1440570949193450800230240
3340996092913 11162254892866613321011395
6995498968851 48937005823209395266197903
19472752251610 379188080252621270252095320
40772755941190 1662417627039925988250498480
113495517416751 12881232473696256575250229503
237641036678293 56473262313534274205250750435
661500352248900 437582716025420102288255707800
1385073464128572 1918428501033125396990275016328
