B = NR = 
[15,6]((0.333333,0.666667,0,0,0,0),(0.030303,0.0606061,0.909091,0,0,0),(0.003607
5,0.00721501,0.012987,0.97619,4.74609e-073,6.76216e-078),(0.000486902,0.00097380
5,0.00175285,0.00292141,0.993865,7.63335e-078),(0.000176882,0.000353765,0.000636
777,0.00106129,0.00167753,0.996094),(0.151515,0.30303,0.545455,0,0,0),(0.0252525
,0.0505051,0.0909091,0.833333,3.32226e-072,4.73351e-077),(0.00438212,0.00876424,
0.0157756,0.0262927,0.944785,6.87001e-077),(0.00176882,0.00353765,0.00636777,0.0
106129,0.0167753,0.960938),(0.0793651,0.15873,0.285714,0.47619,1.04414e-071,1.48
768e-076),(0.0180154,0.0360308,0.0648554,0.108092,0.773006,2.82434e-076),(0.0081
3659,0.0162732,0.0292917,0.0488196,0.0771664,0.820313),(0.0452819,0.0905638,0.16
3015,0.271691,0.429448,3.44745e-076),(0.0229947,0.0459894,0.082781,0.137968,0.21
8079,0.492188), 


P of each of the absorbing states
1,3,5,7,9,10 black sheep
(0.0511799,0.10236,0.184248,0.307079,0.109039,0.246094))



Top non zero part of R=[6,6](
(0.333333,0.666667,0,0,0,0),
(0,0,0.8,0,0,0),
(0,0,0,0.857143,0,0), 
(0,0,0,0,0.888889,0),
(0,0,0,0,0,0.9),
(0,0,0,0,0,0))


Inserted 36 entries
Fill Q
Fill R
R=[15,6]((0.333333,0.666667,0,0,0,0),(0,0,0.8,0,0,0),(0,0,0,0.857143,0,0),(0,0,0
,0,0.888889,0),(0,0,0,0,0,0.9),(0,0,0,0,0,0),(0,0,0.714286,0,0,0),(0,0,0,0,0,0),
(0,0,0,0,0,0),(0,0,0,0,0,0),(0,0,0,0,0,0),(0,0,0,0,0,0),(0,0,0,0,0,0),(0,0,0,0,0
,0),(0,0,0,0,0,0))
I-Q
[15,15]((1,0,0,0,0,0,0,0,0,0,0,0,0,0,0),(0,1,0,0,0,-0.2,0,0,0,0,0,0,0,0,0),(0,0,
1,0,0,0,-0.142857,0,0,0,0,0,0,0,0),(0,0,0,1,0,0,0,-0.111111,0,0,0,0,0,0,0),(0,0,
0,0,1,0,0,0,-0.1,0,0,0,0,0,0),(-0.4,-0.6,0,0,0,1,0,0,0,0,0,0,0,0,0),(0,0,-0.7142
86,0,0,0,1,0,0,-0.285714,0,0,0,0,0),(0,0,0,-0.777778,0,0,0,1,0,0,-0.222222,0,0,0
,0),(0,0,0,0,-0.8,0,0,0,1,0,0,-0.2,0,0,0),(0,0,0,0,0,-0.428571,-0.571429,0,0,1,0
,0,0,0,0),(0,0,0,0,0,0,0,-0.666667,0,0,1,0,-0.333333,0,0),(0,0,0,0,0,0,0,0,-0.7,
0,0,1,0,-0.3,0),(0,0,0,0,0,0,0,0,0,-0.444444,-0.555556,0,1,0,0),(0,0,0,0,0,0,0,0
,0,0,0,-0.6,-0.4,1,0),(0,0,0,0,0,0,0,0,0,-0.5,0,0,0,-0.5,1))
Invert I - Q
[15,6]((0.333333,0.666667,0,0,0,0),(0.030303,0.0606061,0.909091,0,0,0),(0.003607
5,0.00721501,0.151876,0.97619,0,0),(0.000486902,0.000973805,0.00516116,0.0029214
1,0.993865,0),(0.000176882,0.000353765,0.00187495,0.00106129,0.00167753,0.996094
),(0.151515,0.30303,0.545455,0,0,0),(0.0252525,0.0505051,1.06313,0.833333,0,0),(
0.00438212,0.00876424,0.0464505,0.0262927,0.944785,0),(0.00176882,0.00353765,0.0
187495,0.0106129,0.0167753,0.960938),(0.0793651,0.15873,0.84127,0.47619,0,0),(0.
0180154,0.0360308,0.190963,0.108092,0.773006,0),(0.00813659,0.0162732,0.0862479,
0.0488196,0.0771664,0.820313),(0.0452819,0.0905638,0.479988,0.271691,0.429448,0)
,(0.0229947,0.0459894,0.243744,0.137968,0.218079,0.492188),(0.0511799,0.10236,0.
542507,0.307079,0.109039,0.246094))