Euler 27

This will try out all our possible coefficients and put
the results in a big table. (Like my project 23 solution)

1 2 3 pc"0/ 1 2 3
2 3 4
3 4 5
4 5 6

pc"0/~ _999+i.1999

(i.~5&=) 1 2 3 4 5 6 7
4 7 7 7 7 7 7



pct3 =: pc"0/~ _100+i.100


  pct3 =: (_999+i.1000) pc"0/ (i.1000)
   ~. , pct3
0 1 2 3 4 5 6 7 8 9 11 10 71 70 69 17 68 16 67 15 66 12 14 65 13 64 63 62 61 60 59 58 57 32 56 31 55 30 54 29 53 28 52 27 51 20 26 50 19 25 49 18 24 48 23 47 22 46 21 45 44 43 42 41
  >./ _61 pc"0/ (i.1000)
0 0 1 1 0 1 0 1 0 0 0 1 0 1 0 0 0 1 0 1 0 0 0 1 0 0 0 0 0 1 0 1 0 0 0 0 0 1 0 0 0 1 0 1 0 0 0 1 0 0 0 0 0 1 0 0 0 0 0 1 0 1 0 0 0 0 0 2 0 0 0 2 0 2 0 0 0 0 0 2 0 0 0 2 0 0 0 0 0 2 0 0 0 0 0 0 0 2 0 0 0 2 0 2 0 0 0 2 0 1 0 0 0 2 0 0 0 0 0 0 0 0 0 0 0 0 0 2 ...
  (71&=) _61 pc"0/ (i.1000)
71
  (i.~71&=) _61 pc"0/ (i.1000)
0 0 0 0 0 0 0 0 0 0 0 0 0 0 0 0 0 0 0 0 0 0 0 0 0 0 0 0 0 0 0 0 0 0 0 0 0 0 0 0 0 0 0 0 0 0 0 0 0 0 0 0 0 0 0 0 0 0 0 0 0 0 0 0 0 0 0 0 0 0 0 0 0 0 0 0 0 0 0 0 0 0 0 0 0 0 0 0 0 0 0 0 0 0 0 0 0 0 0 0 0 0 0 0 0 0 0 0 0 0 0 0 0 0 0 0 0 0 0 0 0 0 0 0 0 0 0 0 ...
  (i.~71&=) _61 pc"0/ (i.1000)
0 0 971 971 0 971 0 971 0 0 0 971 0 971 0 0 0 971 0 971 0 0 0 971 0 0 0 0 0 971 0 971 0 0 0 0 0 971 0 0 0 971 0 971 0 0 0 971 0 0 0 0 0 971 0 0 0 0 0 971 0 971 0 0 0 0 0 1000 0 0 0 1000 0 1000 0 0 0 0 0 1000 0 0 0 1000 0 0 0 0 0 1000 0 0 0 0 0 0 0 1000 0 0...
   _61 pc 971
71
   _61 * 971
_59231


Messed about with a bit of trial and error to try to work out
how to pull the number out of the original result set.
Narrowed search down a bit first.

I think I pretty much had it here, though:
(938{pct)i.71
1970

'cos +971 is the 1970th number starting from _999

================

pr=: 1: = #@q:"0
pc=: 4 : '(>:^:((pr@((x.,y.,1)&p.)) :: 0:))^:_] 1'
($ #: (i. >./)@,)(p:i.168)pc"0/i:999
163 938
(p:163)*938{i:999
_59231 

================

Not convinced by this
<'cnt."@prm!../>_"1000..!a/b/n<#>****Q.u1m>>***

